-10.0 -117.0 -27.0
-9.9 -114.81 -26.700000000000003
-9.8 -112.64000000000001 -26.400000000000002
-9.700000000000001 -110.49000000000002 -26.1
-9.600000000000001 -108.36000000000003 -25.800000000000004
-9.500000000000002 -106.25000000000003 -25.500000000000007
-9.400000000000002 -104.16000000000005 -25.200000000000006
-9.300000000000002 -102.09000000000006 -24.900000000000006
-9.200000000000003 -100.04000000000006 -24.60000000000001
-9.100000000000003 -98.01000000000006 -24.30000000000001
-9.000000000000004 -96.00000000000006 -24.00000000000001
-8.900000000000004 -94.01000000000008 -23.70000000000001
-8.800000000000004 -92.04000000000008 -23.400000000000013
-8.700000000000005 -90.09000000000009 -23.100000000000016
-8.600000000000005 -88.16000000000008 -22.800000000000015
-8.500000000000005 -86.2500000000001 -22.500000000000014
-8.400000000000006 -84.36000000000011 -22.200000000000017
-8.300000000000006 -82.49000000000011 -21.90000000000002
-8.200000000000006 -80.64000000000013 -21.60000000000002
-8.100000000000007 -78.81000000000013 -21.30000000000002
-8.000000000000007 -77.00000000000013 -21.00000000000002
-7.9000000000000075 -75.21000000000014 -20.700000000000024
-7.800000000000008 -73.44000000000014 -20.400000000000023
-7.700000000000008 -71.69000000000014 -20.100000000000023
-7.6000000000000085 -69.96000000000015 -19.800000000000026
-7.500000000000009 -68.25000000000016 -19.50000000000003
-7.400000000000009 -66.56000000000016 -19.200000000000028
-7.30000000000001 -64.89000000000016 -18.900000000000027
-7.20000000000001 -63.240000000000165 -18.60000000000003
-7.10000000000001 -61.61000000000017 -18.300000000000033
-7.000000000000011 -60.00000000000017 -18.000000000000032
-6.900000000000011 -58.41000000000017 -17.70000000000003
-6.800000000000011 -56.840000000000174 -17.400000000000034
-6.700000000000012 -55.29000000000018 -17.100000000000037
-6.600000000000012 -53.76000000000018 -16.800000000000036
-6.500000000000012 -52.250000000000185 -16.500000000000036
-6.400000000000013 -50.76000000000019 -16.20000000000004
-6.300000000000013 -49.29000000000019 -15.900000000000041
-6.2000000000000135 -47.840000000000195 -15.60000000000004
-6.100000000000014 -46.410000000000196 -15.30000000000004
-6.000000000000014 -45.0000000000002 -15.000000000000043
-5.900000000000015 -43.6100000000002 -14.700000000000045
-5.800000000000015 -42.2400000000002 -14.400000000000045
-5.700000000000015 -40.8900000000002 -14.100000000000044
-5.600000000000016 -39.5600000000002 -13.800000000000047
-5.500000000000016 -38.250000000000206 -13.50000000000005
-5.400000000000016 -36.96000000000021 -13.200000000000049
-5.300000000000017 -35.69000000000021 -12.90000000000005
-5.200000000000017 -34.44000000000021 -12.600000000000051
-5.100000000000017 -33.210000000000214 -12.300000000000052
-5.000000000000018 -32.00000000000021 -12.000000000000053
-4.900000000000018 -30.810000000000215 -11.700000000000054
-4.8000000000000185 -29.640000000000214 -11.400000000000055
-4.700000000000019 -28.490000000000215 -11.100000000000056
-4.600000000000019 -27.360000000000216 -10.800000000000058
-4.5000000000000195 -26.250000000000213 -10.500000000000059
-4.40000000000002 -25.160000000000213 -10.20000000000006
-4.30000000000002 -24.090000000000213 -9.90000000000006
-4.200000000000021 -23.040000000000216 -9.600000000000062
-4.100000000000021 -22.010000000000215 -9.300000000000063
-4.000000000000021 -21.000000000000213 -9.000000000000064
-3.9000000000000217 -20.01000000000021 -8.700000000000065
-3.800000000000022 -19.040000000000212 -8.400000000000066
-3.7000000000000224 -18.09000000000021 -8.100000000000067
-3.6000000000000227 -17.16000000000021 -7.800000000000068
-3.500000000000023 -16.250000000000206 -7.500000000000069
-3.4000000000000234 -15.360000000000205 -7.20000000000007
-3.300000000000024 -14.490000000000204 -6.900000000000071
-3.200000000000024 -13.640000000000203 -6.6000000000000725
-3.1000000000000245 -12.810000000000201 -6.3000000000000735
-3.000000000000025 -12.000000000000199 -6.000000000000075
-2.9000000000000252 -11.210000000000196 -5.700000000000076
-2.8000000000000256 -10.440000000000193 -5.400000000000077
-2.700000000000026 -9.690000000000193 -5.100000000000078
-2.6000000000000263 -8.96000000000019 -4.800000000000079
-2.5000000000000266 -8.250000000000187 -4.50000000000008
-2.400000000000027 -7.5600000000001835 -4.200000000000081
-2.3000000000000274 -6.890000000000182 -3.900000000000082
-2.2000000000000277 -6.240000000000176 -3.600000000000083
-2.100000000000028 -5.6100000000001735 -3.300000000000084
-2.0000000000000284 -5.0000000000001705 -3.0000000000000853
-1.9000000000000288 -4.410000000000167 -2.7000000000000863
-1.8000000000000291 -3.8400000000001633 -2.4000000000000874
-1.7000000000000295 -3.290000000000159 -2.1000000000000885
-1.6000000000000298 -2.760000000000155 -1.8000000000000895
-1.5000000000000302 -2.250000000000151 -1.5000000000000906
-1.4000000000000306 -1.7600000000001463 -1.2000000000000917
-1.300000000000031 -1.2900000000001421 -0.9000000000000927
-1.2000000000000313 -0.8400000000001375 -0.6000000000000938
-1.1000000000000316 -0.4100000000001325 -0.30000000000009486
-1.000000000000032 -1.2789769243681803e-13 -9.592326932761353e-14
-0.9000000000000323 0.3899999999998771 0.299999999999903
-0.8000000000000327 0.7599999999998825 0.599999999999902
-0.700000000000033 1.1099999999998877 0.8999999999999009
-0.6000000000000334 1.4399999999998931 1.1999999999998998
-0.5000000000000338 1.7499999999998987 1.4999999999998987
-0.4000000000000341 2.0399999999999046 1.7999999999998977
-0.30000000000003446 2.3099999999999103 2.0999999999998966
-0.20000000000003482 2.5599999999999166 2.3999999999998956
-0.10000000000003517 2.7899999999999228 2.6999999999998945
-3.552713678800501e-14 2.999999999999929 2.9999999999998934
0.09999999999996412 3.1899999999999356 3.2999999999998924
0.19999999999996376 3.359999999999942 3.5999999999998913
0.2999999999999634 3.5099999999999487 3.89999999999989
0.39999999999996305 3.6399999999999557 4.199999999999889
0.4999999999999627 3.7499999999999627 4.499999999999888
0.5999999999999623 3.8399999999999697 4.799999999999887
0.699999999999962 3.909999999999977 5.099999999999886
0.7999999999999616 3.959999999999985 5.399999999999885
0.8999999999999613 3.989999999999992 5.699999999999884
0.9999999999999609 4.0 5.999999999999883
1.0999999999999606 3.990000000000008 6.299999999999882
1.1999999999999602 3.960000000000016 6.599999999999881
1.2999999999999599 3.910000000000024 6.89999999999988
1.3999999999999595 3.8400000000000327 7.1999999999998785
1.4999999999999591 3.750000000000041 7.499999999999877
1.5999999999999588 3.6400000000000494 7.799999999999876
1.6999999999999584 3.5100000000000584 8.099999999999875
1.799999999999958 3.360000000000067 8.399999999999874
1.8999999999999577 3.190000000000076 8.699999999999873
1.9999999999999574 3.0000000000000853 8.999999999999872
2.099999999999957 2.790000000000094 9.299999999999871
2.1999999999999567 2.5600000000001044 9.59999999999987
2.2999999999999563 2.3100000000001133 9.899999999999869
2.399999999999956 2.0400000000001235 10.199999999999868
2.4999999999999556 1.7500000000001332 10.499999999999867
2.5999999999999552 1.4400000000001434 10.799999999999866
2.699999999999955 1.110000000000153 11.099999999999865
2.7999999999999545 0.7600000000001641 11.399999999999864
2.899999999999954 0.39000000000017465 11.699999999999863
2.999999999999954 1.8474111129762605e-13 11.999999999999861
3.0999999999999535 -0.40999999999980474 12.29999999999986
3.199999999999953 -0.8399999999997938 12.59999999999986
3.2999999999999527 -1.2899999999997824 12.899999999999858
3.3999999999999524 -1.7599999999997706 13.199999999999857
3.499999999999952 -2.24999999999976 13.499999999999856
3.5999999999999517 -2.7599999999997493 13.799999999999855
3.6999999999999513 -3.289999999999738 14.099999999999854
3.799999999999951 -3.8399999999997263 14.399999999999853
3.8999999999999506 -4.409999999999714 14.699999999999852
3.9999999999999503 -4.999999999999702 14.99999999999985
4.09999999999995 -5.60999999999969 15.29999999999985
4.1999999999999496 -6.239999999999679 15.599999999999849
4.299999999999949 -6.889999999999663 15.899999999999848
4.399999999999949 -7.5599999999996506 16.199999999999847
4.4999999999999485 -8.249999999999638 16.499999999999844
4.599999999999948 -8.959999999999628 16.799999999999844
4.699999999999948 -9.689999999999614 17.099999999999845
4.799999999999947 -10.4399999999996 17.399999999999842
4.899999999999947 -11.209999999999589 17.69999999999984
4.999999999999947 -11.999999999999574 17.99999999999984
5.099999999999946 -12.809999999999562 18.29999999999984
5.199999999999946 -13.639999999999546 18.599999999999838
5.299999999999946 -14.489999999999533 18.899999999999835
5.399999999999945 -15.35999999999952 19.199999999999836
5.499999999999945 -16.249999999999506 19.499999999999837
5.599999999999945 -17.15999999999949 19.799999999999834
5.699999999999944 -18.089999999999474 20.09999999999983
5.799999999999944 -19.03999999999946 20.39999999999983
5.8999999999999435 -20.009999999999447 20.699999999999832
5.999999999999943 -20.99999999999943 20.99999999999983
6.099999999999945 -22.009999999999437 21.299999999999834
6.1999999999999424 -23.039999999999402 21.599999999999827
6.29999999999994 -24.089999999999364 21.89999999999982
6.399999999999942 -25.15999999999937 22.199999999999825
6.499999999999943 -26.249999999999375 22.49999999999983
6.599999999999941 -27.35999999999934 22.799999999999823
6.699999999999939 -28.489999999999306 23.099999999999817
6.79999999999994 -29.639999999999304 23.39999999999982
6.899999999999942 -30.809999999999313 23.699999999999825
6.99999999999994 -31.999999999999275 23.99999999999982
7.0999999999999375 -33.20999999999924 24.299999999999812
7.199999999999939 -34.439999999999245 24.599999999999817
7.29999999999994 -35.689999999999245 24.89999999999982
7.399999999999938 -36.95999999999921 25.199999999999815
7.499999999999936 -38.24999999999917 25.499999999999808
7.5999999999999375 -39.55999999999918 25.799999999999812
7.699999999999939 -40.88999999999918 26.099999999999817
7.799999999999937 -42.23999999999914 26.39999999999981
7.899999999999935 -43.6099999999991 26.699999999999804
7.999999999999936 -44.999999999999105 26.999999999999808
8.099999999999937 -46.409999999999116 27.299999999999812
8.199999999999935 -47.83999999999907 27.599999999999806
8.299999999999933 -49.289999999999026 27.8999999999998
8.399999999999935 -50.75999999999904 28.199999999999804
8.499999999999936 -52.24999999999905 28.499999999999808
8.599999999999934 -53.75999999999899 28.7999999999998
8.699999999999932 -55.289999999998955 29.099999999999795
8.799999999999933 -56.83999999999895 29.3999999999998
8.899999999999935 -58.40999999999897 29.699999999999804
8.999999999999932 -59.99999999999891 29.999999999999797
9.09999999999993 -61.60999999999888 30.29999999999979
9.199999999999932 -63.239999999998886 30.599999999999795
9.299999999999933 -64.88999999999889 30.8999999999998
9.399999999999931 -66.55999999999884 31.199999999999793
9.499999999999929 -68.24999999999879 31.499999999999787
9.59999999999993 -69.9599999999988 31.79999999999979
9.699999999999932 -71.68999999999882 32.099999999999795
9.79999999999993 -73.43999999999878 32.39999999999979
9.899999999999928 -75.20999999999871 32.69999999999978
